1
1
32
0.825569 -0.044307 -0.024668 0.005248 -0.001385 -0.001497 0.000365 -0.010574 0.014467 -0.022325 0.007293 -0.031961 -0.034937 -0.021546 0.015187 -0.032917 -0.023749 0.000283 0.021121 -0.038714 -0.026104 -0.001844 0.003477 -0.016066 0.025063 0.085534 -0.005964 0.005981 0.013464 -0.006963 -0.002477 -0.034727 
-0.142841 0.997995 0.049454 -0.021229 -0.008939 -0.035167 -0.008277 0.019111 0.017809 0.002496 0.013487 0.012061 0.033801 0.001468 0.016426 0.032547 -0.019238 0.014496 0.018716 0.015599 0.027456 -0.005191 -0.017314 0.005097 -0.060451 0.065912 0.007695 0.018891 -0.024999 0.001192 -0.008363 0.049245 
-0.112538 -0.082025 1.033348 0.002474 0.003797 0.026133 0.002215 -0.027291 0.015677 -0.020887 0.039550 0.050381 0.104748 -0.009505 0.031387 -0.070103 -0.006374 0.036459 0.027249 -0.036342 0.008886 0.074258 -0.000618 -0.012798 0.047308 -0.029269 0.009349 0.007907 0.057294 0.003750 0.004292 0.129241 
0.000869 0.014608 -0.000215 0.941400 0.054877 0.001861 -0.029472 0.007118 0.045406 -0.014903 0.177604 0.028130 -0.004837 -0.040515 -0.024313 0.001292 0.039072 -0.003362 0.022041 -0.022398 0.019866 0.007832 -0.040565 0.001382 0.024514 0.040968 0.033343 -0.006716 -0.016894 -0.011056 0.011449 -0.012513 
-0.007302 0.038542 0.006235 -0.008855 0.842716 0.026622 -0.000072 0.006314 -0.039659 -0.012354 0.081452 -0.015415 -0.004304 -0.018003 0.015670 -0.004436 -0.079736 -0.004497 -0.028901 -0.018962 0.014826 0.005402 -0.017843 -0.014000 0.006677 -0.038333 0.004433 0.024517 -0.027977 0.015771 0.030217 -0.002775 
-0.006323 -0.025560 -0.000320 0.010785 -0.126111 1.115490 0.045194 -0.038952 0.098381 -0.072034 0.018787 -0.051198 -0.056637 0.108130 0.081811 0.043065 -0.101719 -0.097278 -0.001840 0.042527 -0.013009 -0.005769 0.190396 0.085469 0.014012 -0.068259 0.059560 0.062121 0.132531 -0.006964 0.025784 0.035319 
0.030541 -0.024368 0.013493 -0.030577 -0.054392 0.048251 1.081109 -0.036517 0.081428 -0.070675 -0.046407 0.040332 -0.036755 -0.100392 -0.003634 -0.041936 -0.029683 0.015977 0.021414 0.052130 -0.002521 0.117441 0.109942 0.025830 -0.086117 -0.063781 -0.138965 -0.092473 0.070601 -0.036349 0.126903 0.037049 
-0.171589 0.075080 -0.066665 0.071557 0.115209 0.011085 -0.081280 0.982109 -0.004987 -0.023106 0.041373 -0.053322 -0.103865 0.088356 -0.028700 -0.047010 -0.025209 0.035666 0.028391 -0.029652 -0.016517 -0.015312 -0.054666 0.010272 -0.033101 0.040322 -0.021923 0.104008 0.040822 -0.060968 -0.049522 -0.066835 
-0.017041 0.027967 -0.036509 -0.037162 -0.021926 0.017600 -0.014022 -0.012482 0.922523 -0.070276 0.003765 0.015726 -0.001377 -0.075254 -0.008225 0.014234 -0.141406 -0.012835 -0.026366 -0.009235 0.002157 -0.009616 -0.035629 -0.001039 0.007021 -0.027023 0.022888 -0.030210 0.008554 -0.028167 0.037356 0.027114 
0.014331 -0.052362 0.019347 -0.022301 -0.079070 0.002184 0.010458 -0.038076 -0.017448 1.041484 -0.058782 -0.002312 -0.001591 -0.026863 0.029711 0.015748 0.016872 -0.018541 -0.058283 0.002679 -0.019674 0.000468 0.018384 -0.016706 -0.006463 -0.064835 0.004720 0.103198 -0.022389 0.021381 0.010650 0.018425 
-0.001803 0.004424 0.005942 0.048728 0.023849 -0.012348 0.049747 -0.001602 0.026249 0.012486 0.817548 0.014545 -0.007442 -0.019815 0.014513 0.011407 -0.001891 -0.011973 0.016544 0.009639 -0.003042 -0.010706 -0.019968 -0.007496 0.017310 -0.028234 0.000037 -0.007212 0.000845 0.009563 0.031690 0.011941 
0.136860 -0.181080 0.013316 0.023353 -0.019486 0.003515 -0.001049 -0.048926 -0.034921 0.019517 -0.097162 1.030634 -0.021171 0.035682 -0.023097 -0.020463 -0.035682 -0.009075 0.001801 0.026173 -0.000337 -0.011072 0.085424 0.059624 -0.019208 -0.109304 -0.007521 -0.064724 0.055890 -0.067646 -0.091493 -0.074257 
-0.170358 0.207426 0.026295 -0.045668 0.043793 0.055523 0.016241 0.023882 0.021762 0.008396 0.033250 -0.105914 1.002619 -0.034819 0.021441 -0.151094 -0.126686 -0.049330 0.033505 -0.064987 -0.050252 -0.123377 -0.029462 -0.046001 0.014651 0.171109 0.060812 0.018393 -0.032013 -0.039766 0.009612 0.042043 
-0.012603 -0.016072 0.069462 -0.036005 -0.039001 -0.012982 0.034708 0.008554 -0.070063 0.027652 0.053882 -0.042791 -0.032029 1.020552 0.001636 -0.012247 -0.027859 -0.033772 -0.006856 0.035006 0.023518 0.025921 0.036909 0.078392 0.006102 -0.017772 0.049434 0.102102 -0.076292 -0.014941 0.056237 -0.090229 
0.007008 0.013394 0.025963 -0.022865 -0.108459 0.022373 -0.000790 -0.014594 -0.065801 0.017498 0.051701 0.013508 0.007864 0.017352 0.995493 0.019522 -0.048000 0.024713 0.007821 -0.029280 0.021491 -0.021784 0.039523 0.050293 0.007785 -0.030226 -0.011036 -0.013139 0.002025 0.014232 -0.013520 -0.014051 
-0.227438 0.080317 -0.017837 -0.028010 -0.022562 -0.026131 -0.003407 -0.014679 -0.019654 -0.015941 0.009778 0.016026 -0.054881 0.044569 -0.016941 1.062555 -0.002730 0.020337 -0.029051 0.051691 0.022666 -0.062145 -0.004675 -0.019918 -0.064029 0.045061 -0.039990 0.073428 -0.096305 -0.023648 -0.064598 -0.019670 
0.016881 0.023615 -0.036706 0.020226 0.002956 0.012974 0.032913 0.005226 -0.038618 -0.021924 0.038524 0.005717 -0.014937 0.063930 -0.005424 0.002983 0.858303 0.030076 0.098897 -0.004152 -0.003894 -0.031160 0.060432 -0.053803 0.008134 -0.034831 -0.090310 0.013757 0.023872 0.015019 -0.064250 0.034252 
-0.108080 -0.200385 0.010257 0.021759 0.005586 -0.027337 0.045382 0.004651 0.013065 -0.018860 -0.059118 0.034422 0.030978 0.016971 -0.003073 -0.160835 0.035589 1.183148 -0.023208 0.009755 0.013068 0.175959 -0.015424 -0.037689 -0.099815 -0.116553 0.049936 -0.061904 0.178779 0.018149 -0.031135 0.073190 
0.022268 -0.007835 -0.007243 0.005883 -0.062334 -0.016209 0.022168 0.007480 0.000337 0.003589 -0.078147 -0.017984 -0.006452 0.027367 -0.030411 0.008550 -0.056910 -0.019898 0.785199 -0.049574 0.013653 0.008886 -0.025233 0.008579 -0.023207 0.019645 0.010931 -0.013309 -0.141314 -0.010993 0.021791 -0.037562 
-0.015401 -0.039377 0.033133 -0.046878 -0.039419 -0.004417 0.027187 0.003991 -0.007255 0.051984 -0.016371 0.005755 -0.004581 -0.070571 0.002010 0.027647 0.031746 0.001263 0.005386 0.951695 0.052361 0.026436 -0.001597 0.032460 -0.014462 -0.062336 0.028619 0.013028 0.082252 0.011526 0.009931 -0.026056 
0.151878 -0.147274 -0.005005 0.049517 -0.047888 -0.016682 0.019229 0.034700 0.013285 -0.054541 0.155077 0.006328 -0.016006 0.042028 0.043392 0.007228 0.008180 -0.043491 0.012440 0.045587 1.093240 0.071701 -0.083446 0.007632 -0.024370 -0.061926 -0.023560 0.069339 -0.064012 0.027874 -0.017529 0.060625 
0.125157 0.115758 -0.004233 0.018243 0.014167 0.004195 -0.015112 -0.033838 0.017297 0.013670 -0.003824 0.040996 0.046254 -0.043239 -0.023590 -0.117714 0.025921 0.035613 -0.065720 -0.030855 -0.016198 0.874237 -0.047822 0.043953 0.077456 -0.066931 -0.003745 -0.039232 0.018596 0.087750 0.029864 -0.075874 
-0.006923 -0.052469 -0.029771 -0.022157 -0.075392 -0.046832 -0.012278 -0.048916 -0.088490 -0.032927 -0.105045 0.030216 -0.024859 -0.056385 -0.030076 -0.029115 0.097095 0.034828 -0.008616 0.020305 0.015828 -0.014247 0.935077 -0.045330 -0.055821 0.014130 0.002134 0.042226 0.083665 -0.032929 0.189853 0.003603 
-0.023686 0.041348 -0.043461 -0.037906 -0.031771 -0.022820 0.006190 0.000653 0.013972 -0.040929 0.017028 -0.010905 -0.003526 -0.020640 0.010047 0.024092 -0.109309 0.027078 0.065606 0.032684 0.042533 0.011466 0.180003 0.994142 -0.027226 0.038825 -0.039926 -0.105962 0.022687 0.041495 0.054127 0.010338 
-0.246133 -0.053717 0.060011 -0.014081 -0.044921 0.040485 -0.010115 -0.102933 0.030177 -0.019292 -0.025531 -0.133200 -0.098342 0.035151 0.027543 -0.166311 0.150275 0.013698 -0.004641 -0.050423 -0.045860 -0.008706 0.047112 0.049746 0.966037 0.037935 -0.014520 -0.060882 0.104837 -0.104378 -0.027179 -0.067636 
0.115090 0.062215 -0.108876 -0.005558 0.061821 -0.048960 0.040574 0.024042 -0.024363 -0.003085 -0.057024 -0.015503 0.003039 0.059106 0.059042 0.010591 0.021122 -0.153531 0.013882 -0.041611 -0.146781 -0.004350 0.009871 0.042822 0.092396 0.872832 -0.034892 -0.032850 -0.027812 -0.244895 0.004744 -0.137709 
-0.083693 -0.041120 0.037226 0.014671 -0.033935 0.040325 -0.050924 0.017189 0.014441 0.021606 0.069950 -0.053487 0.001521 -0.056600 0.079352 -0.054374 0.094610 0.057424 -0.020673 0.058696 0.040507 0.058404 -0.017196 0.037263 -0.010109 -0.018440 1.089642 0.018843 0.182996 -0.021102 0.035653 -0.017384 
-0.018075 -0.011062 -0.014079 0.010799 0.050953 -0.000174 0.003832 -0.015238 -0.035140 0.037061 0.051492 -0.000468 0.000347 -0.043090 0.007116 0.002028 -0.096595 -0.023754 0.022497 0.030479 0.029141 -0.001798 0.026681 0.016589 -0.007868 0.033438 -0.000364 0.979824 -0.001789 0.010212 0.019372 0.067342 
0.117176 -0.057707 0.016839 -0.028776 -0.042424 -0.026759 0.034050 0.008623 -0.099282 -0.031776 0.073370 -0.002763 0.010295 -0.005366 0.011664 -0.083425 -0.147867 0.012575 -0.084656 0.008272 -0.027204 0.076044 0.015483 -0.021729 -0.016596 0.011780 0.006325 0.103585 0.872165 -0.005692 -0.024642 0.042254 
-0.151291 0.018765 -0.220523 0.009925 -0.033288 0.032910 -0.010686 0.012866 0.062770 0.027753 -0.045240 0.054342 0.056006 0.057413 0.015571 0.226408 0.090481 0.040800 0.023911 0.026219 0.030484 -0.241446 -0.011141 -0.016326 0.244039 0.107762 0.013089 0.011972 -0.139739 1.174537 -0.086227 -0.198689 
-0.045774 0.023495 0.000667 -0.075978 -0.106980 0.008144 0.026702 -0.017529 -0.011701 0.027091 0.012343 0.023533 0.008175 -0.007867 0.057257 -0.032308 -0.076127 0.028257 -0.000836 0.021077 0.043359 -0.005514 0.054577 0.001952 -0.028989 0.033993 0.008945 -0.079079 -0.093453 0.007506 1.067242 -0.027579 
-0.024226 0.048826 0.013976 0.008816 0.001911 -0.032823 0.015462 -0.003443 -0.007440 -0.033104 -0.067540 0.027992 0.059821 0.001730 -0.042555 0.013197 0.040209 0.012870 0.020713 0.012248 -0.038740 -0.048141 -0.047709 0.002000 -0.017759 0.045508 -0.013799 0.013052 0.085792 0.000938 0.004646 0.983169 
6.627110 2.023257 -0.717300 0.606815 -0.017223 -0.546217 1.266304 -3.900431 -0.726717 -0.613312 -0.110672 0.683180 -1.776032 -0.756771 -0.369621 -3.809039 0.400202 -1.790291 0.116631 -0.850253 1.135132 3.154080 -0.093724 0.065717 -2.501481 1.348966 -1.426190 -0.458967 1.620614 -5.915165 -1.198817 0.165100 
1.0 1.0 1.0 1.0 1.0 1.0 1.0 1.0 1.0 1.0 1.0 1.0 1.0 1.0 1.0 1.0 1.0 1.0 1.0 1.0 1.0 1.0 1.0 1.0 1.0 1.0 1.0 1.0 1.0 1.0 1.0 1.0 
