1
1
32
0.958054 -0.082896 -0.016472 0.011115 -0.009391 -0.020732 -0.002987 -0.021612 0.034058 -0.010466 0.014180 -0.047235 -0.026974 -0.019450 0.022763 -0.030728 0.019135 0.049192 0.016084 -0.047287 -0.032865 -0.011508 0.004342 -0.014411 0.020303 0.119288 -0.007825 -0.010079 0.023334 -0.002227 0.000365 -0.061346 
-0.152517 1.087356 0.050650 -0.030268 -0.003690 -0.009341 -0.016029 0.015493 -0.009945 0.001741 0.019930 -0.007639 0.047763 -0.014261 -0.011608 0.011223 -0.061310 -0.064611 -0.000600 0.010331 -0.006682 0.074822 -0.016098 -0.001778 -0.040517 -0.005679 0.001085 0.036927 -0.049818 0.023322 0.011367 0.038630 
-0.150038 -0.109073 1.058177 0.000098 0.009418 0.023308 -0.010122 -0.002351 -0.001817 -0.013911 0.036016 0.077329 0.089168 -0.012039 0.025340 -0.187151 -0.053098 0.032010 -0.011720 0.020774 -0.015669 0.056980 0.031548 -0.004725 0.097387 -0.112784 0.011961 0.043876 0.062351 0.054952 0.002631 0.098245 
0.002668 -0.000004 -0.001854 0.929356 0.032932 -0.004700 -0.027837 0.001372 0.049436 -0.020483 0.143351 0.006752 0.000420 -0.011785 -0.027210 0.002427 0.007219 -0.005141 0.012208 -0.033356 0.031760 0.021951 -0.041056 -0.000382 0.011212 0.026206 0.042086 0.006076 -0.024074 -0.012927 0.002795 -0.037372 
-0.008942 0.041572 0.000251 -0.012441 0.814298 0.015430 -0.012348 -0.000480 -0.024118 0.011742 0.077666 -0.014580 0.005459 -0.020016 0.033567 -0.012325 -0.051061 -0.012258 -0.033077 -0.013919 0.005845 0.000661 -0.016033 -0.011191 -0.004474 -0.012284 0.001933 0.042280 -0.016446 0.002785 0.039051 -0.011116 
-0.008993 -0.017189 0.005274 -0.029005 -0.087164 1.094004 0.054041 -0.053456 0.106452 -0.041642 -0.016662 -0.018853 -0.036914 0.060740 0.075830 0.034176 -0.088142 -0.054270 -0.013936 0.037500 -0.009723 -0.011249 0.165147 0.086616 -0.004335 -0.036205 0.074750 -0.015543 0.081318 -0.027621 0.028468 0.032975 
0.034073 -0.044843 0.007306 -0.022480 -0.025930 0.062786 1.058470 -0.031726 0.067455 -0.069897 -0.040701 0.049661 -0.037745 -0.079357 -0.022519 -0.062535 -0.021641 -0.005419 0.031030 0.043386 0.004235 0.099487 0.069833 0.024315 -0.076798 -0.083846 -0.114798 -0.133851 0.029357 -0.011023 0.090334 0.059099 
-0.160117 0.143543 -0.049934 0.051653 0.071704 0.045414 -0.085618 1.109030 -0.036560 -0.022134 0.048669 -0.060587 -0.040848 0.072207 -0.037514 -0.114370 0.009074 0.007260 -0.001693 0.058723 -0.085840 0.096900 -0.079204 0.013658 0.009454 0.075559 0.001300 0.044955 0.034582 -0.000961 -0.023353 -0.131719 
-0.023307 0.012644 -0.041585 -0.024052 -0.023461 0.008605 -0.016835 -0.002390 0.920237 -0.067101 -0.008230 0.021141 0.002444 -0.059876 0.006666 0.004918 -0.171969 -0.005698 -0.021645 -0.002983 -0.005106 -0.028266 -0.032583 0.004820 0.006344 -0.026929 0.017047 -0.014244 0.018351 -0.022892 0.023226 0.040762 
-0.007614 -0.037848 0.007584 -0.028821 -0.046417 0.007528 0.021584 -0.037816 -0.048490 1.039754 -0.041961 0.005863 -0.004956 -0.016334 0.033105 0.003660 0.028424 -0.031224 -0.032952 0.013753 0.022570 -0.014708 0.032481 -0.011183 -0.004886 -0.039002 -0.004887 0.070443 -0.035244 0.010197 0.006613 -0.001840 
-0.000339 0.010663 0.004101 0.044240 0.023336 -0.007703 0.047912 -0.002703 0.032211 0.009847 0.759926 0.018746 -0.002536 -0.018964 0.007931 0.015839 -0.000731 -0.004363 0.008837 0.008566 -0.020075 -0.019709 -0.023847 -0.009379 0.009850 -0.014544 0.007260 -0.000108 0.011293 0.006340 0.014418 0.024517 
0.031109 -0.127201 0.038232 0.013496 -0.008890 0.029731 -0.020363 0.001685 -0.029080 0.038671 -0.077955 1.149820 -0.039487 0.038620 -0.011512 -0.094245 -0.038805 -0.048761 -0.039933 0.069935 0.046864 0.013349 0.117753 0.058992 -0.029074 -0.075702 0.003172 -0.074309 0.041266 -0.127839 -0.119155 -0.087023 
-0.196497 0.222122 0.047044 -0.048132 0.045504 0.041776 0.017574 0.034963 0.002006 0.004993 0.034488 -0.093339 1.091908 -0.055744 0.006892 -0.172236 -0.109098 -0.100652 0.023189 -0.017235 -0.081216 -0.069460 -0.039214 -0.061140 0.006003 0.041830 0.040673 -0.004489 0.026444 -0.044967 0.059300 0.060449 
-0.021040 -0.017694 0.068827 -0.025026 -0.046660 -0.009675 0.006705 0.007741 -0.044354 0.037176 0.043867 -0.024663 -0.039209 0.973952 -0.009828 -0.013253 -0.029718 -0.022859 -0.009820 -0.004469 -0.020150 0.041216 0.002733 0.065114 0.011741 -0.021816 0.058087 0.102507 -0.062028 -0.017165 0.062652 -0.081849 
0.002231 0.015048 0.040043 -0.042772 -0.051450 0.026879 0.000640 -0.018251 -0.060909 0.021854 0.026851 0.008293 -0.003097 0.019749 0.971474 0.021522 0.006948 0.018249 0.024783 -0.026661 0.025715 -0.013727 0.049204 0.066532 0.010016 -0.003944 -0.011418 -0.021418 0.000557 -0.001064 0.013947 -0.014664 
-0.294687 0.063070 -0.032300 -0.004175 -0.001379 -0.025946 0.009907 -0.051101 0.021618 -0.012569 -0.032384 0.041379 -0.067451 0.061585 0.021376 1.210933 0.074012 0.097859 -0.007042 0.016633 0.061217 -0.076874 0.006055 -0.017388 -0.107080 0.063918 -0.048330 0.058210 -0.072483 -0.239944 -0.096492 -0.070148 
0.011696 0.018900 -0.039607 0.021741 0.001813 0.010127 0.031594 0.003324 -0.061755 -0.018780 0.042319 -0.004308 -0.013078 0.050654 -0.017496 0.011873 0.836837 0.012930 0.093955 -0.004764 0.003688 -0.015847 0.061652 -0.061140 -0.001698 -0.014646 -0.074750 0.031428 0.009137 0.006345 -0.047847 0.024608 
-0.121970 -0.218524 0.031945 0.006142 0.028448 -0.021187 0.056087 -0.030994 0.036061 -0.006902 -0.056345 0.038457 -0.021967 0.059962 0.022489 -0.022344 0.078241 1.314204 -0.010490 0.003513 0.070657 0.127890 0.023026 -0.032594 -0.157804 -0.147323 0.076367 -0.047980 0.187987 -0.061752 -0.061769 0.081793 
0.034652 0.017877 -0.000853 -0.001477 -0.065615 -0.011141 0.016200 0.011560 -0.010654 -0.003918 -0.082682 -0.008241 -0.006223 0.019007 -0.026558 0.020662 -0.033954 -0.017713 0.752747 -0.045094 -0.003908 0.019289 -0.026327 -0.002410 -0.006868 0.024870 -0.001345 -0.023967 -0.142717 -0.010035 0.018104 -0.024057 
-0.024571 -0.028730 0.013572 -0.059127 -0.036542 -0.012050 0.027388 0.033520 -0.014422 0.042049 0.009524 0.042970 -0.019769 -0.037374 0.006931 0.014239 0.011316 0.010449 -0.016974 0.931439 0.046177 0.032364 0.007591 0.009878 -0.007147 -0.053227 0.024853 -0.027737 0.052844 0.009235 0.002038 -0.030094 
0.111499 -0.152266 -0.003393 0.048528 -0.032618 -0.029074 0.026955 0.007084 0.019138 -0.043754 0.093688 0.068717 -0.066584 0.041719 0.060664 0.042111 0.046135 -0.024806 0.009447 0.055919 1.150858 0.024996 -0.055557 0.009131 -0.065446 -0.046029 -0.067963 0.058178 -0.011023 -0.033820 0.001244 0.074500 
0.151596 0.124136 -0.010972 -0.017736 -0.015090 0.000918 -0.042012 -0.021889 0.004813 0.002018 0.040832 0.050429 0.054265 -0.030123 -0.026205 -0.155177 0.026489 -0.006470 -0.036329 -0.003423 -0.006708 0.998295 -0.017388 0.025035 0.075560 -0.031904 -0.013660 -0.033759 0.026351 0.084025 0.037641 -0.048654 
-0.012248 -0.062922 -0.037269 -0.031001 -0.048468 -0.058129 -0.065336 -0.046253 -0.064616 -0.047510 -0.046243 0.006830 -0.022669 0.004250 -0.010003 -0.015632 0.116629 0.025135 0.012428 0.023090 0.049019 0.007745 0.947333 -0.089999 -0.054288 0.008248 0.017850 0.050961 0.011462 -0.047585 0.138887 0.033676 
-0.010774 0.028157 -0.031105 -0.004696 0.021790 -0.005958 0.006746 -0.019968 0.007124 -0.032792 -0.006004 -0.015375 0.005429 -0.010503 0.010241 0.048148 -0.067157 0.054155 0.055680 0.014874 0.024627 0.003996 0.132487 1.017929 -0.007759 0.041002 -0.064074 -0.128495 0.010920 0.052699 0.038401 -0.005859 
-0.304280 -0.065037 0.050860 -0.004963 -0.024166 0.027382 -0.019585 -0.097813 0.040910 -0.018546 -0.031890 -0.149096 -0.108076 0.029901 0.050310 -0.145441 0.091366 0.085348 -0.004641 -0.035908 -0.068704 0.020535 0.050518 0.067514 1.068000 0.068592 0.013722 -0.077929 0.107707 -0.132147 -0.033019 -0.057194 
0.100041 0.115467 -0.156877 -0.008260 0.070188 0.007352 0.035149 0.077400 -0.020265 -0.004864 -0.057480 -0.000091 0.030312 0.036430 0.033119 0.020553 -0.068625 -0.275222 0.017300 0.002359 -0.165557 0.045185 0.011066 0.031565 0.153948 0.897942 -0.030697 0.069103 -0.090927 -0.235914 0.015662 -0.192985 
-0.077661 -0.040482 0.025607 0.017660 -0.022861 0.030641 -0.043085 0.007070 0.034358 0.017035 0.007189 -0.048900 0.004724 -0.051557 0.049711 0.006146 0.088666 0.136847 -0.000064 0.026206 0.051051 0.080942 -0.032721 0.001798 -0.010930 -0.034715 1.082836 -0.011210 0.135129 -0.059212 0.041981 0.001839 
-0.025892 0.004368 -0.008484 0.011733 0.067381 0.004893 0.000401 -0.012034 -0.038280 0.032078 0.036725 -0.002589 0.005894 -0.029373 0.000997 0.012118 -0.049201 -0.019403 0.024768 0.026479 0.029583 -0.015862 0.022086 0.017207 -0.008921 0.027645 -0.011789 0.904755 0.007298 -0.002956 0.004276 0.083657 
0.110305 -0.066847 0.015709 -0.025353 -0.051117 -0.038438 0.029400 -0.000887 -0.094493 -0.031442 0.101512 0.007991 0.019102 0.015253 0.010196 -0.130103 -0.144223 -0.004852 -0.095819 0.018999 -0.049325 0.093071 0.027120 -0.016859 -0.016339 -0.010264 0.025684 0.105115 0.856429 0.048452 -0.026999 0.059782 
-0.122805 0.068142 -0.227913 -0.011119 -0.032073 0.029779 -0.061023 0.010127 0.046192 0.008319 -0.021141 0.008141 0.027386 0.017597 0.015128 0.147740 0.045167 -0.037343 0.028870 -0.013847 -0.037611 -0.153854 -0.029951 -0.004735 0.194827 0.095126 0.018032 -0.021610 -0.180740 1.349054 -0.050121 -0.192706 
-0.028652 0.042331 -0.004363 -0.055673 -0.073521 -0.000298 0.040168 0.010279 -0.006099 0.026076 0.030611 0.001899 0.033243 0.008555 0.048864 -0.030476 -0.047492 0.010941 0.014005 0.015016 0.058976 0.024529 0.062245 -0.024708 -0.016405 0.007433 0.022902 -0.096277 -0.093480 0.024340 1.050538 -0.025465 
-0.024866 0.024387 0.034975 0.023407 -0.012591 -0.040549 0.017539 -0.012670 0.000569 -0.043927 -0.052878 0.031336 0.062931 0.003075 -0.028746 0.027475 0.030681 0.007467 0.012208 0.006016 -0.015832 -0.036709 -0.039514 0.011308 -0.033978 -0.023275 -0.031191 -0.002251 0.059025 -0.017215 0.008954 0.971909 
12.736063 -3.887535 -6.014015 0.839226 0.020080 0.174868 0.492229 -9.225428 -1.225767 -0.562821 0.170595 -2.383492 -3.091703 -0.702726 0.118475 7.819768 0.811642 5.822538 1.093019 -1.104783 3.704924 2.409022 0.004822 0.639329 -2.786511 -6.529879 2.541416 0.437511 -1.765468 -11.823634 -1.712868 1.352063 
1.0 1.0 1.0 1.0 1.0 1.0 1.0 1.0 1.0 1.0 1.0 1.0 1.0 1.0 1.0 1.0 1.0 1.0 1.0 1.0 1.0 1.0 1.0 1.0 1.0 1.0 1.0 1.0 1.0 1.0 1.0 1.0 
